Course1,Course Description,17-11-2015,21-01-2016,250,20 37 142 79 48 41 2 8,64 38 39 40 34 4 38 31 11 12
Course2,Course Description,09-11-2016,13-01-2017,782,102 32 123 90 111 148 65 114 124,86 40 6 13 36 37 25 14 4 7
Course3,Course Description,29-03-2016,02-06-2016,902,2 104 26 65 59 116 78 85,150 21 27 27 6 22 35 37 25
Course4,Course Description,15-01-2016,20-03-2016,1072,142 97 32 49 5 131 38 34 3,48 10 32 6 35 6 10 34 13
Course5,Course Description,12-01-2015,18-03-2015,1307,60 144 98 8 118 67 10 23,135 33  31 18 3 18 3
Course6,Course Description,26-01-2016,31-03-2016,263,88 85 31 3 40 119 88 123,45 37 9 34 16  9 34
Course7,Course Description,27-10-2018,31-12-2018,1205, 19 141 104 140 146 78 87 58,49 34 16 25  8 12 21
Course8,Course Description,04-05-2015,08-07-2015,486,69 107 118 101 9 70 109 121,42 27 8 38 8 32 8
Course9,Course Description,30-07-2018,03-10-2018,772,147 103 49 10 122 119 97 138 138,97 23 29  36 39 31
Course10,Course Description,23-05-2016,27-07-2016,571,58 127 48 33 136 19 110,119 1 5 12 32 5 15 21
Course11,Course Description,04-04-2015,08-06-2015,1217,61 84 130 107 85 150 49,142 19 32 36 18 21 16  38
Course12,Course Description,24-04-2015,28-06-2015,742,118 64 58 77 51 131 68 52,44 14 15 23 8 15 6 16 33
Course13,Course Description,09-04-2018,13-06-2018,408,127 136 149 102 129 14 14 143 107,58 20 6 37 36  28 31 14
Course14,Course Description,11-03-2017,15-05-2017,852,16 21 61 147 68 40 94 24 42,143 14 36 2 39 39 32 13 27
Course15,Course Description,19-07-2018,22-09-2018,275,47 138  106 61 124,47   10 6 39 6 29
Course16,Course Description,23-07-2017,26-09-2017,211,84 25 22 132 74 25 23 54 20,147 15 39 23 23 13 37 11 24
Course17,Course Description,30-09-2018,04-12-2018,621,5 150 16 126 127 116 60 55 100,147 18 32 4 1 21 2 29 32 3
Course18,Course Description,08-04-2015,12-06-2015,332, 129 7 89 86 50 36 28,42 1 40 14 15  19 15
Course19,Course Description,13-01-2015,19-03-2015,1430,105 26 127 134 69 56 44 142 37,24 25 13 40 22  25 36
Course20,Course Description,10-11-2017,14-01-2018,1564,131 8 84 83 11 56 7 145,36 15 35  38 22 30
Course21,Course Description,15-01-2018,21-03-2018,1070,38 35 61 9 121 80 5 87 70,107 35 3 16 1 26 10 14
Course22,Course Description,19-01-2018,25-03-2018,1053,100 41 84 34 149 3 76,14 5 11 19 16 11 1 7
Course23,Course Description,21-10-2015,25-12-2015,819,146 40 143 5 15 17 84 1 107,33 11 38 10 40 24 8
Course24,Course Description,04-02-2017,10-04-2017,620,17 56 118 30 8 7 67 15,13 27 31 1  18 27 16 17
Course25,Course Description,20-04-2018,24-06-2018,1232,21 146 97 102 129 106 46 59 123,80 7 38 31  14 20
Course26,Course Description,29-09-2016,03-12-2016,424,133 145 57 131 148 100 112, 28 25 14 34 33 33 29 2
Course27,Course Description,09-01-2017,15-03-2017,1154,88 68 101 55 33 52 112 47 91,131 38 11 3 38 34 13 19 13 27
Course28,Course Description,27-12-2015,01-03-2016,651,70 13 70 18 117 119 14 148 75,40 34 26 34 26 38 2 3 13
Course29,Course Description,20-01-2017,26-03-2017,735,111 128   32 104,117 35 5 5 22 11 3 15 12
Course30,Course Description,03-08-2015,07-10-2015,976,68 10 27 84 143 25 43 88 63,124 39 14 23 23 22 25 11 37
Course31,Course Description,30-08-2015,03-11-2015,1187,75 121 98 69 24 50 7 99 90,113 24 40 30 2  15 13
Course32,Course Description,02-12-2017,05-02-2018,884,105 118 144 14 51 139 93 147,25 17 39 14 37 22 36 10
Course33,Course Description,25-08-2016,29-10-2016,277,114 26 72 102 130 32 115 134,99 2 2 16 7 40 17
Course34,Course Description,27-11-2018,31-01-2019,602,149 143 90  114 44 30,113 26 17 36 24 2 32 39 19
Course35,Course Description,23-02-2018,29-04-2018,1110,51 112 82 137 136 75 127 63 47,78 33 1 20 27 1 39 13 19
Course36,Course Description,19-08-2018,23-10-2018,776,146 89 22 40 146 82 86 3,71 11 18 21  9 32 31
Course37,Course Description,01-12-2015,04-02-2016,1008,28 94 115 141 150  58 5,113 15 24  22 36 22 25
Course38,Course Description,23-12-2018,26-02-2019,1391,114 92 72 118 73 5 105 85 19,18 39 7 9 6 39 36 12 14
Course39,Course Description,13-05-2018,17-07-2018,1006,13 114 64 41 55 128 14 92 27,131 38 11 37 1 39 5 18 33 35
Course40,Course Description,18-10-2015,22-12-2015,1300,6 17 66 89 118 107 80 2,83 10 18 5  2 35 1
Course41,Course Description,26-05-2016,30-07-2016,688,112 90 80 72 9 40 144 111 56,38 15 8 36 23 28 39
Course42,Course Description,12-01-2018,18-03-2018,501,86 6 6 29 58 84 103 126,132 17 18  20 30  19
Course43,Course Description,07-08-2015,11-10-2015,1173,100 137 70 120 22 35 29,111 12 30 13 32 35 14
Course44,Course Description,07-11-2018,11-01-2019,1207,4 32 60 37 2 62 40,27  4 19 10 18 28
Course45,Course Description,01-08-2017,05-10-2017,1477,42 98 100 23 36 97 61 122,83 3 37 19 29 1 10 35
Course46,Course Description,08-09-2018,12-11-2018,810,58 64  68 30 27, 2 40 32 15 2 6 20 14 4
Course47,Course Description,12-03-2017,16-05-2017,226,125 88 107 73 132 129 55 132 17,102 12 32 35 5 11  2
Course48,Course Description,22-02-2015,28-04-2015,1406,142 32 120 127 70 130 18 105 86, 8  3 39 24 14
Course49,Course Description,08-12-2016,11-02-2017,563,132 10 67  30 77 94,123    11 3 27
Course50,Course Description,02-11-2015,06-01-2016,734,62 37 143 70 38 141 125 114 124,127 24  16 40 26 35 13
Course51,Course Description,02-01-2018,08-03-2018,589,44 132 21 128 71 72 50 61 18,85 6 40 1 26 32 38 22 2 33
Course52,Course Description,06-08-2018,10-10-2018,1340,118 35 147 68 30 66 10 72 138,132 19 38 3 38 36 24 16 7
Course53,Course Description,13-09-2017,17-11-2017,916,38 103 75 114 39 51 24 16,96  30 29 11 2 33 19 39
Course54,Course Description,30-08-2018,03-11-2018,567,37 11 128 67 67 2 92 42 12,118  40 20  31 1
Course55,Course Description,29-06-2017,02-09-2017,292,60 45 16 136 75 7 72 27 124,78 26 2  18 29 31 7
Course56,Course Description,30-01-2018,05-04-2018,658,22 72 136 150 4 12 63 36,83 27 21  14  39 6
Course57,Course Description,15-02-2017,21-04-2017,739,141 114 13 141 121 36 96 130 64,136 37 31 3 17 32 24 32 13
Course58,Course Description,01-11-2018,05-01-2019,854,48 20 41 83 130 48 99,101  14 33 35 23 6 27 35
Course59,Course Description,03-05-2017,07-07-2017,1527,75 23 8 112 138 64 101 138 88,130 40 37 36 16 30 33 11 29
Course60,Course Description,28-12-2015,02-03-2016,782,84 117 112 20 38 148 71 77 54,26 11 22 13 29 35 36 38
Course61,Course Description,16-11-2015,20-01-2016,1531,65 140 3 121 6 48 132 11 101,38 20 33 36 26  23
Course62,Course Description,26-08-2015,30-10-2015,377,50 94 98 94 147 85 2,70 22  2 2 36 29
Course63,Course Description,31-05-2018,04-08-2018,1574,25 118 89 99 109 127 106 87,12 2 27 1 33  10 33
Course64,Course Description,09-09-2015,13-11-2015,1404,88 84 33 62 18 6  67,77 29 1 31 8 33 11 4 28
Course65,Course Description,22-01-2018,28-03-2018,1443,54 123 101 58 147 135 95,59 28 37 18 1 17 31 26 35 23
Course66,Course Description,03-12-2016,06-02-2017,1511,33 36 72 122 5 129 133 62 128,90  13 24 29 14 5 40 11
Course67,Course Description,11-10-2016,15-12-2016,546,124 16 91 95 130 141 34 124,4  25 28 1 38 6 21 3
Course68,Course Description,22-07-2017,25-09-2017,1565,147 150 117 35 83 124 37 90,23  23 40 27 13 6 
Course69,Course Description,29-06-2016,02-09-2016,1243,133 78 72 74 17 146 123 57 85,120 18  4 25 38 17 3
Course70,Course Description,24-08-2015,28-10-2015,771,138 126   103 136,138 18 9  31  29 6
Course71,Course Description,29-06-2017,02-09-2017,1294,71 52 3 116 26 89 73 19 114, 16 19 4  5 29 17
Course72,Course Description,15-12-2016,18-02-2017,558,33 123 23 131 60 137 62 73 27, 39 23 29 5 8 25 4 31
Course73,Course Description,28-06-2015,01-09-2015,566,35 108 132 18 143 9 132 114 59,73 18 35 8 2  22 24
Course74,Course Description,11-12-2017,14-02-2018,1453,48 109 140  77 124 31,140 39  30 10 36 40 25
Course75,Course Description,25-08-2016,29-10-2016,1121,77 116 35 138 133 47 89 133 6,19 1 14 24  20 38 36 14
Course76,Course Description,30-06-2018,03-09-2018,375,122 67 17 56 73 3 105 140 41,27 17 34 25 13 24 30 37 24
Course77,Course Description,29-04-2017,03-07-2017,1561,102 34 73 51 58  7 93,147 21 6 37 13 33 25 19 29 38
Course78,Course Description,03-12-2017,06-02-2018,807,38 53 37 114 98 11 63 106,22 6 12 14 2 40 15 38 10
Course79,Course Description,06-05-2018,10-07-2018,1043,136 105 120 74 97 108 145 82 37,46 36 13 27 6 5 36 14 9
Course80,Course Description,19-05-2018,23-07-2018,1265,131 48 8 5 102 60 2 50,119 11  12 19 7 3
Course81,Course Description,02-05-2016,06-07-2016,1505,73 59 131 45 1 84 14 82 64,143 20   38 7 18 2
Course82,Course Description,26-04-2018,30-06-2018,1522,54 115 3 131 86 64 87 54,27 24 1 28 16 7 35 12 13
Course83,Course Description,06-10-2015,10-12-2015,276,148 71  76 38 46 148,106 31 17 17 25 6 1  28
Course84,Course Description,20-02-2015,26-04-2015,1065,119 133 3 17 111 93 106 131,53 32 18 19 15  29 36 16
Course85,Course Description,18-07-2017,21-09-2017,757,127 36 10 65 4 140 41 31 63,63 34 1 30  5 19 11 15
Course86,Course Description,16-05-2016,20-07-2016,658,55 118 58 53 142 48 61,43 15  32 18 20 21 26 23
Course87,Course Description,07-11-2017,11-01-2018,1059,84 114 41 140 88 45 94 10 139,51 4 38 28 14 8 1 24
Course88,Course Description,01-03-2017,05-05-2017,950,41  69 147 147 140 32,124 14 39 29 22 19 30 10
Course89,Course Description,06-04-2015,10-06-2015,544,137 144 52 92 47 127 72 15 30,143 29 5 22 25 25 3 7
Course90,Course Description,12-07-2017,15-09-2017,323,88 125 10 69 8 143 91 96 93,77 11 17  12 38 26 34
Course91,Course Description,21-10-2018,25-12-2018,640,79 36 2 95 25 90 121 105 8,77 16 31 15 8 36 32 24
Course92,Course Description,12-04-2017,16-06-2017,1063,43 73 110  140 111 81,56 28 33 37  33 5 11
Course93,Course Description,29-10-2018,02-01-2019,1534,49 74 148 84 88 52 26 149 25,13 11 21 36 17 13 24 26
Course94,Course Description,08-07-2016,11-09-2016,1391,148 33 45 4 131 85 57 86 21,89 9  21 7 4 37 30
Course95,Course Description,30-08-2015,03-11-2015,1329,39 75 38 52 139  75 118,8  33 31 32 13  12
Course96,Course Description,08-06-2018,12-08-2018,1109,124 100  15 126 86 1 106,93 19 34 39 28 1 21 21
Course97,Course Description,14-04-2015,18-06-2015,1031,130 61 82 31 5 94 72 73 44,33 21 20 15 23  28 34
Course98,Course Description,14-02-2018,20-04-2018,311,5 15 108 39 33 61 124 77 82,72 4 9 30 4  7 3
Course99,Course Description,24-11-2017,28-01-2018,883,26 8 59 68 73 59 142 20,128 1 38 33 35 4 37 1
Course100,Course Description,30-12-2018,05-03-2019,462,51 37 109 13 84 147,13 17 16  4 15 10 27 12
Course101,Course Description,08-05-2015,12-07-2015,1143,69 74 126 65 51 129 124,130 14 21 21 23 23 29 35 22 11
Course102,Course Description,26-04-2016,30-06-2016,718,104 25 54 62 104 31 31 52,94 11 18 19 22 32 13 8 7 39
Course103,Course Description,12-06-2016,16-08-2016,402,4 73 81 129 139 143 97 99 46,122 14 5 33 25 30 28 14 17 15
Course104,Course Description,13-07-2017,16-09-2017,1165,11 131 63 123 68 116 110 128,55 16 13 19 30 30 7 31 3
Course105,Course Description,15-04-2015,19-06-2015,283,37 60 124 1 54 8 112 98, 31 32  6 29 21 17 40
Course106,Course Description,05-04-2017,09-06-2017,356,147 80 52 141 64 127 135 45,106 37 31 40 13 35 31 29 40
Course107,Course Description,07-07-2017,10-09-2017,607,146 54 33 63 27 64 140 104 138,16 24 33 14  22 34
Course108,Course Description,16-02-2016,21-04-2016,404,58 146  142 17 53 44,145 5 5 16 26 32 13 8
Course109,Course Description,19-01-2017,25-03-2017,669,11 5 27 67 23 145 121 81 97, 18 16 11 39 27 16 13 2 36
Course110,Course Description,21-08-2017,25-10-2017,415,31 128 5 61 126 119 85 141,125 36 6 12 31 19 26 23 16
Course111,Course Description,05-03-2017,09-05-2017,599,87 106 113 106 128 25 17 39,59 13  15 20 29 36 30 21
Course112,Course Description,10-12-2017,13-02-2018,999,23 74 95 48 21 59 113 127 24,23 34 23 7 34 13 36 21 13
Course113,Course Description,13-10-2017,17-12-2017,1318,106 32 36 72 107 61 85 39,92 40 21  38 22 28 37 7
Course114,Course Description,28-08-2018,01-11-2018,583,31 147 72 53 78 21 103,47 31 5 32 8 4 33 37 37
Course115,Course Description,21-05-2018,25-07-2018,534,82 68 133 139 77 111 81 23,136 10 22 11 29 10 17 37 5
Course116,Course Description,06-07-2017,09-09-2017,618,138 90 89 79 61 37 147 118 146,61 10 39 14 8 4 18 39
Course117,Course Description,28-06-2016,01-09-2016,871,38 130 123 49 80 21 72 88,19 10 35 14   34
Course118,Course Description,17-08-2015,21-10-2015,685,20 36 10 80 45 95 68 123,138 33  27 10 30 1 16
Course119,Course Description,09-01-2017,15-03-2017,1141,14 10 49 40 88 101 76,125 33 30 13 13 13 27 36 6
Course120,Course Description,07-05-2018,11-07-2018,1266,103 92 12 104 39 66 113 86,56 11 28 2 32 2 33 1
Course121,Course Description,14-01-2016,19-03-2016,1571,46 60 15 100 126 6 135 148,59 23 18 11  1 23 28
Course122,Course Description,25-11-2015,29-01-2016,1189,36 68 40 70 23 76 135 97,26 6 6 4 4 23 30 33 34 10
Course123,Course Description,10-11-2015,14-01-2016,1290,25 104 30 25 93 45 91 83,17 13 29 14 36 21 10 3 25
Course124,Course Description,14-12-2017,17-02-2018,249,79 69 41 96 134 111 139 141 52,76  15 11 27 20 7 19
Course125,Course Description,13-08-2017,17-10-2017,519,95 139 125 20 112 54 35 37, 20 1 29 27 37 7 13 23 5
Course126,Course Description,16-12-2017,19-02-2018,519,131 56 45 5 59 129 134 148 93, 31 39 36 26 33 15 13 30
Course127,Course Description,15-09-2015,19-11-2015,766,10 149 28 68  129 90 144, 30 11 13 34 6 33
Course128,Course Description,29-07-2017,02-10-2017,864,13 74 12 42 114 96 27 124,103 27 29 23 35 37 35
Course129,Course Description,01-06-2018,05-08-2018,1035,132 77 53 68 77 60 44 80 88,64 27 22 19 20 31 6 11 17
Course130,Course Description,02-08-2017,06-10-2017,1341,91 95 100 129 13  83 79,70 31 33 3 8 24 18 7 10
Course131,Course Description,10-02-2015,16-04-2015,1310,54  6 66 6 145 126,111 8 30 14 12  6 14 38
Course132,Course Description,13-07-2018,16-09-2018,953,20 139 53 102 146 26 42 66,132 16 32 30  24 16 6 33
Course133,Course Description,18-11-2015,22-01-2016,1025,47 127 78 19 53 50 51 78 5,48 24 6  39 5 25 9 18
Course134,Course Description,04-07-2015,07-09-2015,1540,102 50 139 124 142 62 5 43 45,131 16 20 37 28 25 25 27 15
Course135,Course Description,17-07-2018,20-09-2018,223,14 53 11 25 26 14 86 128,110 7 2 21 7 17 5 5 39
Course136,Course Description,25-10-2016,29-12-2016,346,22 33 47 41 150 18 123 117,40 5 18 32 21 36 23 8 22
Course137,Course Description,01-06-2018,05-08-2018,1109,62 122 123 23 63 56 46 88 98,105 12 10 14 13 13 36 9
Course138,Course Description,19-03-2018,23-05-2018,1483,32 101 38 58 86 78 111 142,80 22 18 29 31 13 17 29
Course139,Course Description,25-05-2015,29-07-2015,856,124 115 9 50 79 25 102 146,26 4  7 8 38 24 16
Course140,Course Description,06-06-2018,10-08-2018,948,26 1 113 54 52 70 40 21,119 39 37 35 38 28 38 32
Course141,Course Description,25-03-2017,29-05-2017,1581,134 86 78 65 48 8 141 83 29,44 6 21 7 2  8 22
Course142,Course Description,26-07-2017,29-09-2017,1356,67 77 113 96 94 29 8 91 138,126 35  39 23 9 36 18
Course143,Course Description,10-11-2015,14-01-2016,802,25 111  136 42 43 7 101,144 29  34 8 3 6 32
Course144,Course Description,21-11-2015,25-01-2016,903,110 22 122 18 95 108 7 139,75 26 13 23 8 20 1 1 10
Course145,Course Description,14-08-2015,18-10-2015,1113,57 138 42 49 135 17 72 83,148 4 22 32 33 39 32 40 34 32
Course146,Course Description,20-04-2016,24-06-2016,1008,23 142 88 46  2 61 39,35 28 34 36 30 15 29 34 15 29
Course147,Course Description,23-04-2018,27-06-2018,976,81 131 29 118 61 90 8 114,149 9 4 32 15 6 2 20 25 11
Course148,Course Description,30-04-2015,04-07-2015,1413,6 72 92 92 79 128 60 85,53 21 1 12 4 7 35 22
Course149,Course Description,13-05-2018,17-07-2018,845,67 25 36 30 119 32 89 131,90  13 30 32 37 6 26
Course150,Course Description,21-11-2018,25-01-2019,249,109 107 75 82 65 33 70 8 31,68 14 34 25  7 4 17